7 11 8 17 16 2 23 30 29 26
525
9 6 26 23 21 30
31 18 16 14 2 15
20 13 14 32 25 21
27 25 5 1 7 26
21 13 17 6 8 29
3 8 30 12 24 16
1 4 27 6 15 23
20 2 13 8 29 17
30 5 8 32 21 12
18 6 32 16 23 13
31 5 10 24 15 1
20 12 24 7 1 11
16 3 22 31 32 10
7 2 5 14 29 9
12 17 32 11 8 19
28 5 3 1 8 13
5 2 14 17 31 23
29 2 31 25 8 15
9 20 27 16 13 29
11 1 24 9 5 30
24 4 31 19 28 27
30 23 13 18 17 29
24 32 25 13 3 20
29 4 21 12 10 7
27 11 2 18 14 8
4 31 29 8 11 30
25 20 11 10 22 19
22 30 25 1 16 6
5 20 22 1 7 19
21 11 7 4 9 23
24 7 26 21 6 30
17 20 28 4 10 15
12 7 27 8 16 6
9 7 15 11 6 16
1 31 11 32 21 27
13 32 12 27 30 5
7 22 20 2 10 19
13 32 10 12 22 28
5 19 15 22 13 3
23 24 21 15 18 20
16 7 25 11 12 17
17 2 16 29 19 8
12 22 30 9 23 28
9 10 1 14 16 15
29 32 23 7 1 24
7 32 18 11 8 21
6 21 10 26 17 29
8 31 11 32 12 19
18 21 16 32 26 28
10 23 26 31 32 28
31 11 23 10 7 28
30 23 15 2 13 28
28 18 16 13 31 5
12 23 3 6 11 7
27 17 10 30 28 32
29 8 31 30 12 27
16 32 18 10 3 11
24 9 20 4 32 29
11 16 28 19 3 25
28 6 13 18 12 30
25 6 17 26 8 9
23 27 9 25 19 15
1 18 12 32 30 8
5 6 16 22 10 12
14 9 15 12 29 21
13 23 3 15 20 10
12 11 22 25 29 31
9 15 18 22 4 10
4 19 11 20 6 1
32 25 3 9 27 21
27 15 9 30 8 31
14 31 5 12 17 15
8 23 10 7 25 5
31 20 9 25 19 12
23 13 3 27 10 22
1 15 13 6 20 4
14 25 21 11 17 31
30 8 11 23 28 19
18 1 9 30 26 22
32 7 23 21 19 29
18 7 15 2 26 21
19 9 5 17 1 32
3 30 5 22 8 21
10 31 23 21 19 3
11 1 19 25 4 9
12 7 22 2 1 32
13 14 8 25 22 3
32 8 15 28 9 14
31 4 24 29 5 12
19 26 18 23 17 31
19 6 18 2 16 26
20 16 27 24 2 5
24 14 15 2 28 3
23 21 22 4 13 7
19 11 32 29 8 25
9 25 21 3 17 24
17 14 23 22 5 15
4 19 23 25 1 31
15 12 5 14 7 10
3 9 15 4 13 1
16 29 4 24 28 6
32 2 14 22 19 6
30 28 3 10 20 27
8 32 13 25 23 2
22 6 27 21 17 20
31 12 22 1 24 27
26 8 17 16 25 27
3 10 22 14 7 30
5 16 14 25 17 31
19 6 24 22 17 25
22 14 7 28 25 9
14 27 8 26 10 18
24 19 2 13 1 7
21 15 7 22 3 2
4 6 12 15 17 26
17 15 3 12 28 32
13 30 17 29 31 24
11 15 2 10 25 28
31 22 27 29 14 19
19 31 24 30 17 23
32 17 4 13 28 5
16 20 9 29 1 5
29 31 14 21 22 7
2 14 32 19 11 6
25 10 4 1 17 23
27 15 3 32 11 24
24 26 29 7 6 10
13 6 21 14 19 4
18 27 10 30 6 17
24 12 14 3 18 10
12 31 30 1 13 10
21 3 31 19 7 10
22 26 14 29 17 15
20 28 13 2 18 19
1 26 19 27 22 29
3 26 16 31 5 28
1 30 20 8 21 5
8 22 11 4 12 10
4 3 11 19 27 1
29 21 7 13 3 1
9 19 31 29 3 13
6 4 25 3 28 22
23 28 19 22 7 6
3 23 17 30 2 6
30 4 19 5 17 16
28 8 11 10 3 19
1 6 23 25 16 32
23 18 13 24 26 25
27 4 8 16 31 25
29 15 11 27 19 32
4 5 13 6 30 7
25 7 12 24 32 4
24 20 29 28 30 18
16 23 15 19 14 5
5 14 13 9 21 4
7 16 5 15 22 20
11 9 27 12 1 31
5 21 2 24 19 13
32 29 21 14 4 22
20 1 17 11 18 4
26 32 9 23 29 17
7 8 9 17 15 29
10 17 3 6 30 7
8 21 18 14 19 26
9 28 14 24 3 17
28 31 20 9 22 30
3 10 17 5 21 11
29 27 12 21 16 22
8 12 20 18 23 17
9 5 12 19 18 14
2 15 3 22 29 20
12 32 6 8 16 21
30 2 13 28 4 27
28 7 22 18 8 23
19 29 11 32 16 12
16 8 21 3 11 14
8 15 9 2 24 22
7 6 28 1 19 8
14 31 26 30 5 16
9 11 4 10 6 2
31 4 26 19 6 22
19 15 25 22 2 21
28 5 13 18 6 16
18 20 28 5 29 21
11 28 22 29 5 18
16 23 7 31 6 21
28 31 18 25 17 30
20 8 4 29 22 27
7 25 17 19 13 10
19 8 7 5 25 10
21 19 26 29 17 11
3 22 30 14 26 24
31 8 14 25 20 15
23 32 27 26 22 8
9 16 14 24 18 15
24 14 30 26 28 12
11 31 7 27 5 4
8 26 4 6 3 15
23 27 28 32 31 16
23 4 15 19 32 25
29 11 17 19 9 18
5 31 20 30 24 27
11 21 10 32 14 6
28 20 8 32 9 11
6 20 14 29 19 24
28 11 1 22 27 16
7 16 4 25 14 2
15 21 19 27 29 22
24 28 2 25 27 21
16 3 18 1 21 30
25 27 26 22 16 28
18 27 17 26 22 10
29 24 7 16 8 12
26 23 5 9 10 4
17 19 14 11 26 28
7 27 32 31 4 15
20 17 4 1 15 21
25 15 8 12 18 29
25 24 26 18 11 19
10 12 32 18 28 5
15 32 19 31 26 14
5 14 26 18 17 4
24 16 9 6 32 21
9 6 29 21 4 13
16 23 24 18 11 30
6 25 8 32 15 10
10 20 2 11 26 13
11 16 12 18 19 21
1 10 4 8 32 13
24 23 4 8 22 14
29 31 30 25 5 1
17 3 6 14 16 25
28 8 13 12 17 31
29 30 6 2 5 26
12 14 3 5 4 27
23 4 16 15 19 12
11 2 3 29 21 1
25 2 18 30 14 10
25 32 29 6 12 21
24 32 5 6 12 29
12 7 17 3 13 19
24 4 23 26 7 8
23 32 14 10 17 11
23 6 27 11 8 19
2 6 27 29 19 26
27 9 22 29 19 10
13 21 25 17 23 26
6 25 22 28 17 5
4 21 22 12 23 25
10 21 28 12 31 1
31 15 28 24 10 5
30 7 25 8 17 21
30 8 20 21 31 12
12 1 6 10 30 2
29 24 10 32 26 19
29 24 17 11 27 25
25 12 17 22 20 8
15 24 29 31 16 1
26 32 11 28 15 31
15 6 26 22 17 9
1 15 8 25 7 27
25 16 3 9 19 23
15 3 9 20 19 13
13 5 16 4 1 25
1 23 25 18 11 9
32 20 29 4 17 14
11 28 17 25 20 5
22 6 16 15 9 10
4 14 21 6 17 25
7 18 22 28 8 23
16 24 22 3 2 12
5 31 18 8 29 13
28 23 16 20 25 18
19 1 15 18 17 5
4 10 19 20 1 26
12 17 32 16 27 26
21 6 32 24 2 7
8 31 23 12 17 9
30 1 9 32 25 18
11 30 20 15 31 32
20 6 32 11 3 29
7 24 28 19 3 8
22 14 2 30 24 1
18 4 28 13 27 26
24 6 26 17 20 30
14 22 23 3 5 27
16 6 11 20 28 14
20 9 26 17 18 10
13 7 17 27 5 22
21 26 18 30 2 3
23 31 22 3 6 16
26 20 11 13 22 17
14 3 16 10 2 24
17 3 32 19 20 8
30 6 18 21 16 1
21 23 10 2 5 12
21 20 13 1 14 17
9 29 28 21 1 26
15 18 29 27 20 17
6 27 23 9 10 8
10 19 1 27 21 7
9 7 31 25 16 22
16 3 21 28 24 18
22 26 17 24 14 9
1 25 11 13 16 15
21 22 23 2 24 30
14 21 23 17 30 31
28 23 22 5 13 11
27 26 32 5 23 31
18 4 10 16 28 27
28 4 31 23 2 9
17 19 11 5 22 6
4 1 7 12 20 14
12 19 13 32 2 23
7 19 28 2 17 30
24 18 20 28 7 25
7 18 25 3 29 17
16 19 7 5 21 10
12 32 17 19 30 13
6 29 3 21 26 8
28 18 26 16 14 29
32 6 29 21 22 26
23 32 24 4 22 13
7 20 28 17 29 13
17 19 11 22 14 5
2 11 29 20 17 7
21 19 8 23 24 17
22 20 1 4 26 7
29 8 31 12 7 3
6 22 16 32 5 7
31 14 23 3 12 21
16 1 4 20 25 11
13 7 1 25 24 32
29 17 31 32 1 13
9 17 20 14 21 8
2 9 19 7 31 4
30 19 1 22 7 13
14 7 20 1 23 8
16 2 23 4 1 22
21 23 10 12 32 15
19 22 31 32 6 20
14 1 22 32 11 28
19 32 23 4 8 7
29 11 23 13 26 30
30 29 4 23 6 10
9 6 22 24 14 16
28 17 15 21 26 7
9 13 27 28 12 6
24 6 25 31 21 17
6 11 14 17 19 8
17 13 20 3 21 8
32 25 24 8 16 14
4 2 21 31 12 22
6 31 12 20 24 15
20 6 24 16 32 29
7 11 31 26 2 28
4 25 9 24 3 7
22 27 24 15 6 18
32 18 28 16 8 27
28 8 17 25 26 1
27 9 19 20 25 6
18 7 8 31 23 28
24 5 25 23 16 2
4 16 25 27 19 30
22 32 3 20 28 2
28 18 2 5 1 13
24 16 3 22 11 1
4 18 9 28 30 16
12 1 20 23 22 11
4 20 27 13 7 11
3 30 15 12 6 16
11 10 23 25 24 9
14 32 12 5 30 23
16 2 22 19 6 17
27 6 28 23 15 4
22 15 2 30 3 18
19 28 15 16 7 9
7 15 18 22 27 29
24 29 1 7 31 9
13 19 15 7 5 29
8 20 16 11 9 4
15 27 23 21 18 10
30 14 29 26 7 32
16 1 15 29 3 32
10 15 28 1 11 29
6 4 19 11 10 26
1 3 5 19 24 11
11 13 28 19 21 26
4 1 20 25 9 7
29 2 16 12 24 9
28 21 11 22 20 19
24 11 10 15 7 29
31 26 32 25 30 5
21 18 10 8 31 32
4 7 28 6 1 20
19 17 6 23 8 14
2 25 20 4 21 16
27 11 30 13 26 23
12 28 29 1 30 16
19 2 9 15 27 25
27 22 29 14 18 8
3 18 6 5 9 26
15 26 20 11 18 14
28 30 31 17 6 10
27 25 13 1 23 6
25 18 1 31 8 22
20 16 23 25 7 12
29 31 25 21 7 23
28 6 32 1 9 21
19 12 13 15 24 20
13 15 23 26 17 8
6 13 18 20 27 26
18 6 11 28 5 26
22 3 16 32 20 28
27 6 28 20 7 13
27 8 19 29 10 20
26 27 14 29 30 24
4 24 26 25 31 1
17 9 23 20 28 32
31 3 12 24 20 27
5 15 16 27 8 29
7 29 3 26 32 25
14 15 5 4 8 13
7 17 21 5 29 8
30 5 28 31 18 17
4 13 17 20 5 12
7 25 13 3 27 19
1 16 3 14 8 29
24 30 7 32 1 14
7 29 25 2 16 3
32 15 17 19 9 1
20 15 11 18 4 23
1 6 29 8 22 16
12 23 30 2 19 5
32 31 2 15 1 27
22 27 9 7 32 5
24 31 10 28 29 30
20 15 13 17 9 27
27 29 5 8 23 14
17 16 5 12 31 3
13 21 26 19 6 15
10 20 16 12 11 9
9 15 18 12 20 27
21 22 2 16 18 6
3 4 25 29 21 14
1 30 19 12 16 7
3 22 17 28 32 29
1 15 4 32 16 21
7 3 29 18 10 25
15 24 22 18 1 9
26 32 2 20 22 29
14 25 27 18 24 2
26 14 27 11 16 4
29 2 9 28 23 20
16 8 12 27 28 15
8 15 28 16 7 4
8 16 26 29 20 15
5 10 30 12 29 16
3 29 20 30 16 4
8 15 31 11 7 20
24 14 6 28 4 22
7 8 13 28 12 23
26 12 5 21 17 28
10 32 27 26 9 31
29 24 18 9 7 6
29 17 3 26 32 4
9 10 4 13 17 28
26 13 9 4 16 24
16 15 3 32 8 2
15 7 5 27 21 20
1 18 27 11 23 29
7 3 4 16 11 5
23 8 31 6 1 16
30 19 8 14 17 26
7 29 8 15 14 28
21 32 1 8 30 26
10 11 23 30 21 18
16 14 13 10 7 24
12 3 5 17 27 16
26 30 6 18 8 5
27 32 7 16 15 26
17 14 30 19 27 23
14 4 27 31 19 25
1 20 12 10 3 31
6 24 7 28 3 19
13 9 22 15 27 23
17 18 22 20 19 25
5 10 27 7 12 24
24 8 9 13 19 21
9 13 30 19 4 17
29 20 3 6 28 1
17 16 9 27 29 3
1 13 2 12 9 16
3 32 19 27 8 13
24 2 17 10 23 18
18 2 9 22 5 31
27 17 5 1 11 8
13 10 15 20 23 3
12 11 16 20 23 3
21 16 18 13 10 20
24 2 21 6 8 26
2 30 14 24 15 21
16 15 4 9 12 30
6 25 30 28 19 32
25 31 30 9 17 21
9 11 32 31 17 1
24 3 27 11 4 16
13 21 28 14 2 10
28 11 19 5 23 12
16 18 26 20 27 11
4 16 5 13 24 20
18 6 3 8 22 30
10 32 26 13 27 24
10 9 1 18 29 8
14 16 19 15 31 24
5 12 28 21 23 2
7 25 28 26 9 22
26 5 27 23 9 10
21 2 9 23 14 16
16 25 5 9 10 15
11 21 19 20 32 18
12 22 3 10 8 15
22 12 21 8 13 7
21 5 30 7 29 3
6 2 31 11 18 28
